11 0.5078125 0.49609375 0.96953125 0.94453125
0 0.3265625 0.94765625 0.04609375 0.04140625
3 0.26328125 0.83984375 0.04765625 0.04609375
4 0.46875 0.84140625 0.04765625 0.05078125
5 0.24296875 0.7140625 0.040625 0.04765625
4 0.14140625 0.46796875 0.05078125 0.04765625
3 0.1640625 0.2390625 0.0515625 0.04765625
4 0.3625 0.18046875 0.04609375 0.04453125
0 0.0234375 0.315625 0.04609375 0.0546875
9 0.6265625 0.5640625 0.05546875 0.04453125
9 0.42578125 0.58046875 0.046875 0.04296875
12 0.509375 0.496875 0.365625 0.35859375