11 0.4921875 0.50390625 0.96953125 0.94453125
0 0.6734375 0.05234375 0.04609375 0.04140625
3 0.73671875 0.16015625 0.04765625 0.04609375
4 0.53125 0.15859375 0.04765625 0.05078125
5 0.75703125 0.2859375 0.040625 0.04765625
4 0.85859375 0.53203125 0.05078125 0.04765625
3 0.8359375 0.7609375 0.0515625 0.04765625
4 0.6375 0.81953125 0.04609375 0.04453125
0 0.9765625 0.684375 0.04609375 0.0546875
9 0.3734375 0.4359375 0.05546875 0.04453125
9 0.57421875 0.41953125 0.046875 0.04296875
12 0.490625 0.503125 0.365625 0.35859375