1 0.19140625 0.1203125 0.04140625 0.034375
0 0.065625 0.1578125 0.03984375 0.040625
3 0.6484375 0.12109375 0.04453125 0.034375
3 0.9125 0.36328125 0.03828125 0.04609375
1 0.9390625 0.46171875 0.04375 0.04609375
3 0.90859375 0.51484375 0.03125 0.0359375
4 0.80234375 0.72109375 0.03671875 0.03359375
4 0.77890625 0.77421875 0.03828125 0.040625
10 0.584375 0.52421875 0.03515625 0.0359375
6 0.225 0.62890625 0.05234375 0.04921875
4 0.11640625 0.584375 0.04296875 0.03359375
11 0.48984375 0.503125 0.96484375 0.94140625
12 0.490625 0.5046875 0.36875 0.359375