11 0.43984375 0.428125 0.8203125 0.621875
12 0.42421875 0.42734375 0.32265625 0.23828125
3 0.8015625 0.37578125 0.04296875 0.03203125
1 0.8234375 0.53828125 0.03203125 0.03125
4 0.740625 0.5171875 0.03671875 0.02890625
7 0.621875 0.4640625 0.03359375 0.02890625
7 0.61953125 0.421875 0.03046875 0.02734375
4 0.74609375 0.32734375 0.0375 0.0296875
10 0.4984375 0.41171875 0.034375 0.03046875
2 0.45625 0.4 0.0375 0.0265625
2 0.4546875 0.44375 0.03515625 0.02578125
10 0.37734375 0.43828125 0.03671875 0.02890625
9 0.3421875 0.41953125 0.03359375 0.0265625
8 0.2859375 0.42578125 0.03671875 0.03046875
8 0.3109375 0.3765625 0.03828125 0.03125