11 0.2953125 0.48359375 0.42734375 0.56171875
11 0.703125 0.46484375 0.30625 0.4734375
0 0.47265625 0.3109375 0.015625 0.021875
3 0.48828125 0.43046875 0.01484375 0.021875
1 0.47578125 0.37265625 0.0140625 0.01640625
1 0.48203125 0.38671875 0.015625 0.0171875
5 0.44921875 0.49765625 0.01484375 0.0203125
6 0.678125 0.3421875 0.015625 0.0234375
9 0.76015625 0.44921875 0.015625 0.0203125
9 0.75390625 0.49375 0.0140625 0.02109375
7 0.7609375 0.39375 0.0109375 0.0171875
7 0.77109375 0.39765625 0.0109375 0.01875
12 0.31015625 0.48359375 0.165625 0.21640625
12 0.7125 0.465625 0.121875 0.18203125