11 0.50703125 0.52734375 0.81640625 0.6109375
12 0.50078125 0.52890625 0.309375 0.23515625
1 0.1140625 0.43828125 0.03046875 0.02421875
3 0.14453125 0.5921875 0.03125 0.02109375
4 0.203125 0.6375 0.03203125 0.02265625
4 0.19453125 0.4546875 0.03046875 0.0234375
7 0.3109375 0.5 0.03046875 0.021875
7 0.3171875 0.5390625 0.028125 0.02265625
2 0.47578125 0.5109375 0.02890625 0.021875
2 0.48125 0.55234375 0.028125 0.02109375
10 0.43515625 0.54609375 0.028125 0.0203125
10 0.5515625 0.5171875 0.0328125 0.0234375
9 0.5875 0.53203125 0.03046875 0.0203125
8 0.6421875 0.52265625 0.0265625 0.01875
8 0.6203125 0.571875 0.0296875 0.02265625