11 0.46015625 0.5109375 0.8015625 0.6
12 0.46171875 0.509375 0.30859375 0.23125
1 0.671875 0.25546875 0.03046875 0.02109375
3 0.7796875 0.38359375 0.03046875 0.0203125
3 0.6296875 0.30625 0.0328125 0.02109375
4 0.7796875 0.44453125 0.03203125 0.02109375
7 0.61015625 0.428125 0.0296875 0.0203125
7 0.58125 0.396875 0.028125 0.02109375
8 0.353125 0.57421875 0.028125 0.0203125
8 0.4125 0.6015625 0.02890625 0.02265625
10 0.5296875 0.4921875 0.02890625 0.021875
9 0.40234375 0.55703125 0.028125 0.02109375
10 0.41640625 0.52734375 0.03046875 0.0234375
2 0.5 0.51953125 0.028125 0.021875
2 0.46875 0.48515625 0.02734375 0.0203125