11 0.4875 0.5703125 0.896875 0.6765625
12 0.48515625 0.5703125 0.33984375 0.25703125
5 0.77421875 0.4875 0.03828125 0.02734375
6 0.71015625 0.45390625 0.0328125 0.02421875
8 0.5640625 0.4625 0.03125 0.02265625
9 0.58359375 0.503125 0.03046875 0.02578125
10 0.515625 0.5203125 0.034375 0.02421875
10 0.56015625 0.53046875 0.03046875 0.02578125
9 0.55234375 0.62421875 0.03359375 0.02421875
10 0.51171875 0.61640625 0.0484375 0.025
8 0.3421875 0.609375 0.03359375 0.0234375
8 0.33203125 0.5421875 0.03359375 0.025