11 0.5625 0.5515625 0.87265625 0.6484375
12 0.55390625 0.54765625 0.33203125 0.25
0 0.99296875 0.4453125 0.01328125 0.0234375
9 0.50703125 0.4609375 0.03046875 0.0265625
9 0.44453125 0.55546875 0.0328125 0.0234375
10 0.5640625 0.60390625 0.0328125 0.02421875
6 0.34296875 0.475 0.03203125 0.02421875
3 0.171875 0.60078125 0.03203125 0.02109375
7 0.72109375 0.44375 0.028125 0.01875
5 0.840625 0.5109375 0.0328125 0.0234375
5 0.8421875 0.59609375 0.03203125 0.02109375
7 0.72421875 0.615625 0.0328125 0.021875