11 0.42578125 0.59609375 0.81171875 0.60625
12 0.42890625 0.59375 0.315625 0.23125
1 0.83515625 0.59140625 0.028125 0.0203125
4 0.75078125 0.590625 0.02890625 0.02109375
4 0.67421875 0.76484375 0.02890625 0.021875
3 0.746875 0.73359375 0.03203125 0.021875
7 0.621875 0.6109375 0.02890625 0.021875
7 0.60078125 0.646875 0.03203125 0.0203125
10 0.48359375 0.6296875 0.03203125 0.0203125
10 0.38203125 0.5765625 0.0328125 0.02421875
2 0.45859375 0.58671875 0.03046875 0.021875
2 0.4375 0.625 0.03125 0.0203125
9 0.34296875 0.58203125 0.03046875 0.0203125
8 0.296875 0.61328125 0.03046875 0.02109375
8 0.29296875 0.56171875 0.02734375 0.01796875