1 0.7703125 0.1953125 0.0390625 0.03203125
3 0.5609375 0.16953125 0.0390625 0.03046875
4 0.7234375 0.24765625 0.040625 0.0328125
4 0.4859375 0.1921875 0.03984375 0.03203125
7 0.5671875 0.30390625 0.03828125 0.0296875
7 0.62109375 0.315625 0.0359375 0.034375
12 0.52265625 0.44140625 0.31171875 0.234375
10 0.51875 0.3890625 0.0375 0.02578125
2 0.5515625 0.42890625 0.0390625 0.02890625
2 0.49296875 0.41953125 0.0421875 0.0296875
10 0.515625 0.48046875 0.04140625 0.0328125
9 0.48203125 0.50390625 0.03671875 0.03359375
8 0.421875 0.5109375 0.0375 0.0296875
8 0.478125 0.54453125 0.03828125 0.0328125
11 0.52421875 0.44140625 0.8265625 0.6203125