11 0.53828125 0.525 0.90546875 0.6828125
12 0.54140625 0.521875 0.3546875 0.26015625
5 0.234375 0.546875 0.0359375 0.02421875
6 0.27421875 0.49296875 0.03046875 0.02265625
8 0.6671875 0.4484375 0.0328125 0.02265625
8 0.7 0.51015625 0.03046875 0.02109375
8 0.4109375 0.4515625 0.0296875 0.021875
9 0.41875 0.49453125 0.03359375 0.02265625
10 0.4578125 0.51328125 0.03125 0.02578125
10 0.4921875 0.48984375 0.0265625 0.0234375
10 0.55390625 0.57265625 0.040625 0.02734375
9 0.51875 0.59453125 0.0328125 0.02578125