11 0.4984375 0.5328125 0.88828125 0.665625
12 0.50625 0.52890625 0.3375 0.25234375
0 0.0859375 0.3671875 0.0296875 0.02421875
5 0.22890625 0.45390625 0.0328125 0.025
5 0.20859375 0.53828125 0.03359375 0.02109375
7 0.3625 0.40078125 0.03125 0.021875
6 0.73359375 0.48515625 0.03125 0.0234375
3 0.8765625 0.63515625 0.03125 0.02109375
7 0.3171875 0.5734375 0.0359375 0.0203125
10 0.48125 0.58359375 0.03359375 0.02421875
9 0.6125 0.55234375 0.0328125 0.021875
9 0.57265625 0.44921875 0.03203125 0.02578125