3 0.52734375 0.675 0.028125 0.01875
5 0.36328125 0.53671875 0.02578125 0.0203125
5 0.54765625 0.62421875 0.028125 0.02265625
10 0.525 0.51875 0.03046875 0.01953125
10 0.553125 0.51484375 0.02734375 0.02109375
12 0.55 0.47265625 0.23984375 0.178125
11 0.55390625 0.4765625 0.621875 0.46328125
0 0.37109375 0.09375 0.015625 0.0125
11 0.83515625 0.13515625 0.3296875 0.2703125
9 0.95390625 0.1171875 0.03671875 0.02421875
8 0.871875 0.08515625 0.0265625 0.0234375
8 0.8703125 0.0515625 0.0265625 0.02109375
7 0.83828125 0.0546875 0.025 0.01875
6 0.8265625 0.0984375 0.03125 0.0203125
12 0.9328125 0.065625 0.134375 0.13125