11 0.46171875 0.525 0.90546875 0.6828125
12 0.45859375 0.521875 0.3546875 0.26015625
5 0.765625 0.546875 0.0359375 0.02421875
6 0.72578125 0.49296875 0.03046875 0.02265625
8 0.3328125 0.4484375 0.0328125 0.02265625
8 0.3 0.51015625 0.03046875 0.02109375
8 0.5890625 0.4515625 0.0296875 0.021875
9 0.58125 0.49453125 0.03359375 0.02265625
10 0.5421875 0.51328125 0.03125 0.02578125
10 0.5078125 0.48984375 0.0265625 0.0234375
10 0.44609375 0.57265625 0.040625 0.02734375
9 0.48125 0.59453125 0.0328125 0.02578125