11 0.53984375 0.5109375 0.8015625 0.6
12 0.53828125 0.509375 0.30859375 0.23125
1 0.328125 0.25546875 0.03046875 0.02109375
3 0.2203125 0.38359375 0.03046875 0.0203125
3 0.3703125 0.30625 0.0328125 0.02109375
4 0.2203125 0.44453125 0.03203125 0.02109375
7 0.38984375 0.428125 0.0296875 0.0203125
7 0.41875 0.396875 0.028125 0.02109375
8 0.646875 0.57421875 0.028125 0.0203125
8 0.5875 0.6015625 0.02890625 0.02265625
10 0.4703125 0.4921875 0.02890625 0.021875
9 0.59765625 0.55703125 0.028125 0.02109375
10 0.58359375 0.52734375 0.03046875 0.0234375
2 0.5 0.51953125 0.028125 0.021875
2 0.53125 0.48515625 0.02734375 0.0203125