11 0.5390625 0.49140625 0.81015625 0.60390625
12 0.53828125 0.4921875 0.3078125 0.23359375
2 0.51875 0.46953125 0.02734375 0.02265625
2 0.5078125 0.51171875 0.025 0.02109375
10 0.5890625 0.49453125 0.0296875 0.02265625
10 0.4671875 0.4953125 0.02890625 0.021875
9 0.6171875 0.51796875 0.0296875 0.02109375
8 0.67265625 0.52109375 0.0265625 0.0171875
8 0.63046875 0.5625 0.02890625 0.021875
7 0.3578125 0.4578125 0.0296875 0.021875
7 0.36875 0.4203125 0.02890625 0.021875
4 0.20859375 0.52265625 0.02890625 0.01953125
3 0.1734375 0.465625 0.03203125 0.02109375
4 0.27890625 0.34921875 0.02890625 0.02109375
1 0.2109375 0.3140625 0.0296875 0.0203125