11 0.45625 0.55 0.803125 0.60234375
12 0.4625 0.553125 0.3109375 0.23203125
1 0.44140625 0.853125 0.03515625 0.025
3 0.63125 0.79296875 0.028125 0.02109375
3 0.67421875 0.740625 0.02890625 0.01953125
4 0.4453125 0.7921875 0.0328125 0.021875
7 0.475 0.69609375 0.02890625 0.02109375
7 0.52265625 0.6828125 0.0296875 0.0203125
10 0.5046875 0.5953125 0.02734375 0.02265625
2 0.50234375 0.5609375 0.03203125 0.02265625
2 0.44765625 0.575 0.0328125 0.02265625
10 0.43828125 0.51796875 0.03125 0.0234375
9 0.44921875 0.48828125 0.02890625 0.0234375
8 0.4921875 0.45625 0.028125 0.02265625
8 0.42421875 0.4515625 0.02578125 0.01953125