11 0.5125 0.4296875 0.896875 0.6765625
12 0.51484375 0.4296875 0.33984375 0.25703125
5 0.22578125 0.5125 0.03828125 0.02734375
6 0.28984375 0.54609375 0.0328125 0.02421875
8 0.4359375 0.5375 0.03125 0.02265625
9 0.41640625 0.496875 0.03046875 0.02578125
10 0.484375 0.4796875 0.034375 0.02421875
10 0.43984375 0.46953125 0.03046875 0.02578125
9 0.44765625 0.37578125 0.03359375 0.02421875
10 0.48828125 0.38359375 0.0484375 0.025
8 0.6578125 0.390625 0.03359375 0.0234375
8 0.66796875 0.4578125 0.03359375 0.025