11 0.51171875 0.44765625 0.8484375 0.63828125
12 0.50546875 0.45 0.32734375 0.24609375
3 0.12265625 0.45234375 0.0296875 0.0203125
6 0.31953125 0.5484375 0.03125 0.0234375
9 0.4 0.45625 0.03203125 0.02265625
9 0.48359375 0.534375 0.0296875 0.01640625
10 0.5015625 0.39375 0.03125 0.02109375
7 0.696875 0.52578125 0.03359375 0.01953125
7 0.6546875 0.35859375 0.03125 0.021875
5 0.79375 0.44296875 0.0328125 0.025
5 0.77109375 0.36171875 0.03203125 0.0203125
0 0.9625 0.48203125 0.0234375 0.02265625
8 0.48203125 0.54453125 0.02578125 0.01640625