11 0.56015625 0.571875 0.8203125 0.621875
12 0.57578125 0.57265625 0.32265625 0.23828125
3 0.1984375 0.62421875 0.04296875 0.03203125
1 0.1765625 0.46171875 0.03203125 0.03125
4 0.259375 0.4828125 0.03671875 0.02890625
7 0.378125 0.5359375 0.03359375 0.02890625
7 0.38046875 0.578125 0.03046875 0.02734375
4 0.25390625 0.67265625 0.0375 0.0296875
10 0.5015625 0.58828125 0.034375 0.03046875
2 0.54375 0.6 0.0375 0.0265625
2 0.5453125 0.55625 0.03515625 0.02578125
10 0.62265625 0.56171875 0.03671875 0.02890625
9 0.6578125 0.58046875 0.03359375 0.0265625
8 0.7140625 0.57421875 0.03671875 0.03046875
8 0.6890625 0.6234375 0.03828125 0.03125