1 0.7703125 0.8046875 0.0390625 0.03203125
3 0.5609375 0.83046875 0.0390625 0.03046875
4 0.7234375 0.75234375 0.040625 0.0328125
4 0.4859375 0.8078125 0.03984375 0.03203125
7 0.5671875 0.69609375 0.03828125 0.0296875
7 0.62109375 0.684375 0.0359375 0.034375
12 0.52265625 0.55859375 0.31171875 0.234375
10 0.51875 0.6109375 0.0375 0.02578125
2 0.5515625 0.57109375 0.0390625 0.02890625
2 0.49296875 0.58046875 0.0421875 0.0296875
10 0.515625 0.51953125 0.04140625 0.0328125
9 0.48203125 0.49609375 0.03671875 0.03359375
8 0.421875 0.4890625 0.0375 0.0296875
8 0.478125 0.45546875 0.03828125 0.0328125
11 0.52421875 0.55859375 0.8265625 0.6203125