5 0.6046875 0.2953125 0.040625 0.0203125
5 0.690625 0.34609375 0.03515625 0.02421875
7 0.46875 0.32109375 0.0375 0.02734375
7 0.64140625 0.425 0.03515625 0.025
10 0.53515625 0.51171875 0.034375 0.0265625
9 0.41640625 0.5515625 0.03671875 0.025
6 0.2671875 0.56171875 0.034375 0.025
8 0.34921875 0.45703125 0.01953125 0.01953125
9 0.36484375 0.45859375 0.01953125 0.02109375
12 0.47109375 0.4859375 0.32578125 0.24453125
3 0.28984375 0.74296875 0.03671875 0.0265625
0 0.63515625 0.17109375 0.0328125 0.0171875
11 0.4671875 0.4859375 0.84921875 0.63671875