11 0.51328125 0.47890625 0.83828125 0.63359375
12 0.50546875 0.475 0.3203125 0.23671875
6 0.72890625 0.50078125 0.0328125 0.021875
3 0.784375 0.67578125 0.02890625 0.02265625
10 0.45546875 0.51640625 0.02890625 0.021875
9 0.58671875 0.528125 0.0328125 0.02421875
9 0.59453125 0.42578125 0.0171875 0.01953125
7 0.31953125 0.45859375 0.03359375 0.02265625
7 0.44453125 0.32265625 0.0328125 0.0203125
5 0.2453125 0.39921875 0.0296875 0.0203125
5 0.30390625 0.33203125 0.0296875 0.0203125
0 0.225 0.221875 0.0296875 0.01953125
9 0.60546875 0.4234375 0.02109375 0.02109375