11 0.57421875 0.59609375 0.81171875 0.60625
12 0.57109375 0.59375 0.315625 0.23125
1 0.16484375 0.59140625 0.028125 0.0203125
4 0.24921875 0.590625 0.02890625 0.02109375
4 0.32578125 0.76484375 0.02890625 0.021875
3 0.253125 0.73359375 0.03203125 0.021875
7 0.378125 0.6109375 0.02890625 0.021875
7 0.39921875 0.646875 0.03203125 0.0203125
10 0.51640625 0.6296875 0.03203125 0.0203125
10 0.61796875 0.5765625 0.0328125 0.02421875
2 0.54140625 0.58671875 0.03046875 0.021875
2 0.5625 0.625 0.03125 0.0203125
9 0.65703125 0.58203125 0.03046875 0.0203125
8 0.703125 0.61328125 0.03046875 0.02109375
8 0.70703125 0.56171875 0.02734375 0.01796875