3 0.47265625 0.675 0.028125 0.01875
5 0.63671875 0.53671875 0.02578125 0.0203125
5 0.45234375 0.62421875 0.028125 0.02265625
10 0.475 0.51875 0.03046875 0.01953125
10 0.446875 0.51484375 0.02734375 0.02109375
12 0.45 0.47265625 0.23984375 0.178125
11 0.44609375 0.4765625 0.621875 0.46328125
0 0.62890625 0.09375 0.015625 0.0125
11 0.16484375 0.13515625 0.3296875 0.2703125
9 0.04609375 0.1171875 0.03671875 0.02421875
8 0.128125 0.08515625 0.0265625 0.0234375
8 0.1296875 0.0515625 0.0265625 0.02109375
7 0.16171875 0.0546875 0.025 0.01875
6 0.1734375 0.0984375 0.03125 0.0203125
12 0.0671875 0.065625 0.134375 0.13125