11 0.52109375 0.43984375 0.73046875 0.546875
12 0.515625 0.43671875 0.2765625 0.2109375
5 0.4328125 0.26015625 0.0265625 0.021875
6 0.49453125 0.271875 0.02734375 0.0171875
8 0.5625 0.34453125 0.021875 0.01875
9 0.51640625 0.35703125 0.02265625 0.01875
9 0.43125 0.43359375 0.025 0.01875
10 0.50546875 0.38203125 0.0265625 0.01953125
10 0.53671875 0.39765625 0.02734375 0.01875
10 0.46015625 0.44921875 0.0328125 0.0234375
8 0.6125 0.4953125 0.02578125 0.0203125
8 0.54921875 0.5265625 0.025 0.01953125