12 0.50078125 0.44921875 0.32265625 0.24296875
12 0.49296875 0.45 0.84765625 0.63671875
0 0.06015625 0.3546875 0.02734375 0.0234375
3 0.85390625 0.55703125 0.040625 0.03046875
6 0.62421875 0.59375 0.03671875 0.0296875
9 0.5953125 0.484375 0.034375 0.0265625
9 0.475 0.53125 0.03203125 0.0140625
7 0.28359375 0.46796875 0.03125 0.02265625
9 0.53203125 0.3984375 0.04375 0.0234375
7 0.4046875 0.325 0.0359375 0.0296875
5 0.2390625 0.36328125 0.0359375 0.0265625
5 0.2953125 0.29609375 0.0328125 0.02421875
8 0.47578125 0.54453125 0.02890625 0.0140625