11 0.4609375 0.50859375 0.81015625 0.60390625
12 0.46171875 0.5078125 0.3078125 0.23359375
2 0.48125 0.53046875 0.02734375 0.02265625
2 0.4921875 0.48828125 0.025 0.02109375
10 0.4109375 0.50546875 0.0296875 0.02265625
10 0.5328125 0.5046875 0.02890625 0.021875
9 0.3828125 0.48203125 0.0296875 0.02109375
8 0.32734375 0.47890625 0.0265625 0.0171875
8 0.36953125 0.4375 0.02890625 0.021875
7 0.6421875 0.5421875 0.0296875 0.021875
7 0.63125 0.5796875 0.02890625 0.021875
4 0.79140625 0.47734375 0.02890625 0.01953125
3 0.8265625 0.534375 0.03203125 0.02109375
4 0.72109375 0.65078125 0.02890625 0.02109375
1 0.7890625 0.6859375 0.0296875 0.0203125