12 0.50078125 0.55078125 0.32265625 0.24296875
12 0.49296875 0.55 0.84765625 0.63671875
0 0.06015625 0.6453125 0.02734375 0.0234375
3 0.85390625 0.44296875 0.040625 0.03046875
6 0.62421875 0.40625 0.03671875 0.0296875
9 0.5953125 0.515625 0.034375 0.0265625
9 0.475 0.46875 0.03203125 0.0140625
7 0.28359375 0.53203125 0.03125 0.02265625
9 0.53203125 0.6015625 0.04375 0.0234375
7 0.4046875 0.675 0.0359375 0.0296875
5 0.2390625 0.63671875 0.0359375 0.0265625
5 0.2953125 0.70390625 0.0328125 0.02421875
8 0.47578125 0.45546875 0.02890625 0.0140625