11 0.5125 0.5046875 0.96328125 0.9421875
0 0.8953125 0.0625 0.053125 0.04921875
0 0.01484375 0.10546875 0.0296875 0.0515625
6 0.3421875 0.2828125 0.05 0.04140625
4 0.18515625 0.35390625 0.04140625 0.0421875
5 0.7484375 0.30625 0.046875 0.04765625
6 0.78046875 0.5484375 0.040625 0.04765625
4 0.7390625 0.77109375 0.04375 0.05234375
6 0.3203125 0.71328125 0.05078125 0.0390625
1 0.58359375 0.9421875 0.05546875 0.05078125
0 0.75234375 0.953125 0.04765625 0.04765625
12 0.509375 0.50390625 0.36796875 0.359375