11 0.49140625 0.49609375 0.96796875 0.946875
1 0.3640625 0.95234375 0.05390625 0.05625
5 0.1953125 0.65546875 0.0421875 0.04296875
3 0.04375 0.5125 0.03984375 0.04140625
7 0.3 0.39296875 0.04453125 0.0515625
8 0.35625 0.41171875 0.05234375 0.06015625
9 0.46875 0.3828125 0.05390625 0.0578125
10 0.56171875 0.5671875 0.0609375 0.0515625
4 0.6765625 0.81640625 0.04609375 0.04375
1 0.928125 0.71484375 0.059375 0.05625
4 0.73828125 0.20546875 0.04453125 0.04453125
12 0.48984375 0.49609375 0.36875 0.36171875