11 0.4875 0.5046875 0.96328125 0.9421875
0 0.1046875 0.0625 0.053125 0.04921875
0 0.98515625 0.10546875 0.0296875 0.0515625
6 0.6578125 0.2828125 0.05 0.04140625
4 0.81484375 0.35390625 0.04140625 0.0421875
5 0.2515625 0.30625 0.046875 0.04765625
6 0.21953125 0.5484375 0.040625 0.04765625
4 0.2609375 0.77109375 0.04375 0.05234375
6 0.6796875 0.71328125 0.05078125 0.0390625
1 0.41640625 0.9421875 0.05546875 0.05078125
0 0.24765625 0.953125 0.04765625 0.04765625
12 0.490625 0.50390625 0.36796875 0.359375