6 0.69765625 0.565625 0.0390625 0.01796875
10 0.43671875 0.503125 0.034375 0.01953125
3 0.1296875 0.54296875 0.0375 0.01640625
1 0.11328125 0.4765625 0.03203125 0.01796875
6 0.3109375 0.4390625 0.0328125 0.015625
4 0.29140625 0.40078125 0.03828125 0.01875
7 0.43984375 0.42578125 0.03828125 0.0171875
8 0.5734375 0.43359375 0.034375 0.01953125
9 0.528125 0.44765625 0.03359375 0.0171875
4 0.77734375 0.41328125 0.034375 0.015625
11 0.509375 0.50703125 0.85546875 0.4078125
12 0.51171875 0.50625 0.325 0.153125