12 0.19176654507556018 0.12022414671421294 0.041688379364252216 0.034640855832908816
12 0.06565919749869724 0.15792154865002547 0.039603960396039604 0.04075394803871625
12 0.648775403856175 0.12124299541518084 0.044815007816571134 0.034640855832908816
12 0.9124544033350703 0.3632195618950586 0.0385617509119333 0.04584819154355578
12 0.9390307451797811 0.46204788588894546 0.04377279833246483 0.04584819154355578
12 0.9088066701406983 0.5150280183392766 0.031266284523189164 0.03565970453387672
12 0.801980198019802 0.7208354559347937 0.03647733194372069 0.033622007131940905
12 0.7790515893694633 0.7743250127356087 0.0385617509119333 0.04075394803871625
12 0.5846795205836373 0.5241976566479878 0.03543512245961438 0.03565970453387672
12 0.22511724856696197 0.6286296484971982 0.05211047420531527 0.0489047376464595
12 0.11620635747785305 0.5843097300050942 0.04273058884835852 0.033622007131940905