12 0.7703373015873016 0.1949404761904762 0.039186507936507936 0.031746031746031744
12 0.5608878968253969 0.1693121693121693 0.03869047619047619 0.030753968253968252
12 0.7237103174603174 0.24768518518518517 0.040674603174603176 0.032407407407407406
12 0.4859871031746032 0.19196428571428573 0.03968253968253968 0.03207671957671958
12 0.5674603174603174 0.3039021164021164 0.03794642857142857 0.02976190476190476
12 0.6207837301587301 0.31547619047619047 0.03571428571428571 0.03439153439153439
12 0.5186011904761905 0.3888888888888889 0.03720238095238095 0.026124338624338623
12 0.5518353174603174 0.42857142857142855 0.03869047619047619 0.0291005291005291
12 0.49268353174603174 0.419973544973545 0.041914682539682536 0.02943121693121693
12 0.5157490079365079 0.48032407407407407 0.04117063492063492 0.03273809523809524
12 0.482390873015873 0.5042989417989417 0.036458333333333336 0.0333994708994709
12 0.421875 0.5112433862433863 0.03720238095238095 0.02976190476190476
12 0.4779265873015873 0.5441468253968254 0.03844246031746032 0.03306878306878307