12 0.5589037698412699 0.14715608465608465 0.03521825396825397 0.0248015873015873
12 0.3689236111111111 0.207010582010582 0.028521825396825396 0.020833333333333332
12 0.32601686507936506 0.25925925925925924 0.028521825396825396 0.01984126984126984
12 0.5549355158730159 0.2078373015873016 0.03249007936507937 0.022156084656084655
12 0.5250496031746031 0.3039021164021164 0.029017857142857144 0.020833333333333332
12 0.4774305555555556 0.31729497354497355 0.029513888888888888 0.020833333333333332
12 0.4955357142857143 0.4044312169312169 0.027281746031746032 0.022486772486772486
12 0.49776785714285715 0.43915343915343913 0.031746031746031744 0.022817460317460316
12 0.5523313492063492 0.42493386243386244 0.03273809523809524 0.022156084656084655
12 0.5618799603174603 0.4816468253968254 0.03149801587301587 0.023148148148148147
12 0.5505952380952381 0.511739417989418 0.028769841269841268 0.023478835978835978
12 0.5079365079365079 0.5436507936507936 0.028273809523809524 0.022156084656084655
12 0.5756448412698413 0.5486111111111112 0.025793650793650792 0.01951058201058201