11 0.5859375 0.55546875 0.8078125 0.6140625
10 0.59296875 0.553125 0.3109375 0.2375
0 0.20078125 0.64453125 0.03125 0.025
3 0.34375 0.7609375 0.0296875 0.025
4 0.42578125 0.7734375 0.0296875 0.0234375
4 0.28046875 0.62421875 0.03125 0.0234375
7 0.4140625 0.6125 0.028125 0.0234375
7 0.44921875 0.640625 0.03125 0.0234375
1 0.5515625 0.596875 0.028125 0.0234375
2 0.5953125 0.5828125 0.0296875 0.0234375
2 0.5578125 0.5515625 0.0296875 0.021875
1 0.625 0.5234375 0.03125 0.0234375
9 0.6671875 0.52109375 0.0296875 0.0234375
8 0.7046875 0.48984375 0.0265625 0.01875
8 0.7234375 0.5390625 0.0296875 0.021875