12 0.11433531746031746 0.43816137566137564 0.030257936507936508 0.02414021164021164
12 0.14471726190476192 0.5920965608465608 0.03125 0.021164021164021163
12 0.203125 0.6377314814814815 0.031994047619047616 0.022817460317460316
12 0.1949404761904762 0.45453042328042326 0.030257936507936508 0.023148148148148147
12 0.3111359126984127 0.5003306878306878 0.03050595238095238 0.021825396825396824
12 0.31721230158730157 0.5386904761904762 0.028025793650793652 0.022486772486772486
12 0.47544642857142855 0.5110780423280423 0.028769841269841268 0.022156084656084655
12 0.48152281746031744 0.5524140211640212 0.028025793650793652 0.021494708994708994
12 0.43526785714285715 0.5458002645502645 0.028025793650793652 0.02017195767195767
12 0.5519593253968254 0.5173611111111112 0.03298611111111111 0.023478835978835978
12 0.5871775793650794 0.5317460317460317 0.03050595238095238 0.02017195767195767
12 0.6421130952380952 0.5224867724867724 0.026785714285714284 0.018518518518518517
12 0.6201636904761905 0.5715939153439153 0.030009920634920636 0.022817460317460316