11 0.52109375 0.5125 0.409375 0.8671875
7 0.57890625 0.39296875 0.021875 0.0484375
7 0.4796875 0.66796875 0.0203125 0.053125
8 0.4609375 0.5984375 0.01875 0.04375
9 0.4546875 0.42734375 0.0171875 0.046875
9 0.48515625 0.4140625 0.01875 0.0375
2 0.51171875 0.4546875 0.01875 0.0390625
1 0.54453125 0.5 0.015625 0.0421875
9 0.5609375 0.54921875 0.0203125 0.04375
2 0.5203125 0.5078125 0.015625 0.0296875
2 0.5109375 0.521875 0.0125 0.0265625
1 0.49453125 0.54921875 0.0171875 0.0375
1 0.53125 0.55703125 0.0125 0.03125
9 0.5203125 0.584375 0.01875 0.028125
1 0.5140625 0.55234375 0.0171875 0.03125
10 0.5078125 0.49921875 0.15625 0.33125