12 0.3947172619047619 0.33726415094339623 0.021825396825396824 0.04245283018867924
12 0.46651785714285715 0.37080712788259956 0.019345238095238096 0.0429769392033543
12 0.5259176587301587 0.5366876310272537 0.024305555555555556 0.0440251572327044
12 0.4949156746031746 0.5814989517819706 0.02132936507936508 0.0429769392033543
12 0.4148065476190476 0.5982704402515723 0.020089285714285716 0.040880503144654086
12 0.4103422619047619 0.5332809224318659 0.021825396825396824 0.03878406708595388
12 0.47259424603174605 0.4337002096436059 0.015376984126984126 0.029874213836477988
12 0.4868551587301587 0.4549266247379455 0.014136904761904762 0.03668763102725367
12 0.47333829365079366 0.4620020964360587 0.012896825396825396 0.033542976939203356
12 0.4437003968253968 0.40959119496855345 0.020833333333333332 0.041928721174004195
12 0.4252232142857143 0.4758909853249476 0.021825396825396824 0.04035639412997904
12 0.45163690476190477 0.455188679245283 0.015376984126984126 0.03878406708595388
12 0.45597718253968256 0.47641509433962265 0.015376984126984126 0.03459119496855346
12 0.4703621031746032 0.5089098532494759 0.018105158730158732 0.03825995807127883