11 0.45859375 0.5640625 0.4046875 0.6078125
7 0.3953125 0.58671875 0.0203125 0.03125
8 0.48125 0.4046875 0.0171875 0.0296875
8 0.503125 0.44453125 0.01875 0.03125
9 0.5203125 0.55546875 0.01875 0.034375
1 0.4890625 0.5640625 0.01875 0.028125
9 0.4109375 0.47890625 0.01875 0.028125
1 0.4296875 0.5109375 0.015625 0.03125
2 0.46171875 0.53984375 0.01875 0.03125
1 0.47578125 0.4765625 0.0171875 0.0265625
1 0.44921875 0.45390625 0.0125 0.021875
1 0.43984375 0.46796875 0.0125 0.021875
2 0.46015625 0.49375 0.0140625 0.021875
2 0.44921875 0.49765625 0.0125 0.0265625
10 0.4640625 0.521875 0.1515625 0.228125