7 0.44296875 0.6421875 0.0328125 0.0125
8 0.5046875 0.6484375 0.0359375 0.0125
9 0.61328125 0.6828125 0.034375 0.015625
1 0.5875 0.7015625 0.028125 0.015625
7 0.48671875 0.7578125 0.0375 0.0171875
9 0.4125 0.70859375 0.0375 0.0125
1 0.46484375 0.7109375 0.034375 0.0171875
2 0.5296875 0.70546875 0.034375 0.0140625
2 0.4875 0.69609375 0.0234375 0.0125
2 0.49140625 0.6875 0.021875 0.009375
1 0.49375 0.67421875 0.028125 0.0140625
1 0.446875 0.68984375 0.0265625 0.0109375
1 0.44765625 0.6796875 0.0375 0.0125
11 0.50859375 0.71796875 0.7296875 0.296875
10 0.51328125 0.696875 0.2734375 0.1125