7 0.2828125 0.5828125 0.0375 0.06875
9 0.49296875 0.5984375 0.0234375 0.0703125
1 0.4421875 0.5984375 0.028125 0.0703125
2 0.40546875 0.52265625 0.03125 0.071875
1 0.3625 0.43359375 0.03125 0.0703125
9 0.340625 0.3375 0.0328125 0.071875
8 0.51171875 0.33984375 0.0328125 0.0703125
8 0.48984375 0.21328125 0.0328125 0.08125
1 0.45078125 0.3921875 0.025 0.0609375
9 0.4125 0.3140625 0.025 0.0484375
1 0.39296875 0.34453125 0.0234375 0.05
1 0.4171875 0.3625 0.025 0.046875
2 0.42109375 0.41953125 0.021875 0.046875
2 0.40234375 0.42890625 0.021875 0.0546875
11 0.3890625 0.5 0.665625 1
10 0.4140625 0.46484375 0.2578125 0.5375