12 0.9397321428571429 0.35466269841269843 0.027529761904761904 0.023148148148148147
12 0.14645337301587302 0.5572089947089947 0.04092261904761905 0.030753968253968252
12 0.37549603174603174 0.59375 0.036458333333333336 0.02943121693121693
12 0.4045138888888889 0.48462301587301587 0.03447420634920635 0.026455026455026454
12 0.5251736111111112 0.5309193121693122 0.032242063492063495 0.014219576719576719
12 0.716765873015873 0.4677579365079365 0.03149801587301587 0.022486772486772486
12 0.4678819444444444 0.39814814814814814 0.04365079365079365 0.023148148148148147
12 0.5949900793650794 0.32490079365079366 0.03571428571428571 0.03009259259259259
12 0.7611607142857143 0.3630952380952381 0.03571428571428571 0.026785714285714284
12 0.7046130952380952 0.2961309523809524 0.03298611111111111 0.02414021164021164
12 0.5241815476190477 0.5446428571428571 0.028769841269841268 0.013888888888888888