12 0.7072172619047619 0.19014550264550265 0.03373015873015873 0.023809523809523808
12 0.6241319444444444 0.18518518518518517 0.030009920634920636 0.02546296296296296
12 0.8726438492063492 0.28951719576719576 0.031994047619047616 0.02414021164021164
12 0.7958829365079365 0.3167989417989418 0.030257936507936508 0.02447089947089947
12 0.6252480158730159 0.31746031746031744 0.029017857142857144 0.021164021164021163
12 0.6644345238095238 0.34308862433862436 0.027529761904761904 0.0205026455026455
12 0.5291418650793651 0.37218915343915343 0.03050595238095238 0.023478835978835978
12 0.4888392857142857 0.388723544973545 0.028521825396825396 0.02513227513227513
12 0.5307539682539683 0.41798941798941797 0.028273809523809524 0.022486772486772486
12 0.46726190476190477 0.453207671957672 0.027777777777777776 0.022486772486772486
12 0.4273313492063492 0.4593253968253968 0.027777777777777776 0.022156084656084655
12 0.3678075396825397 0.44675925925925924 0.029265873015873016 0.021494708994708994
12 0.3950892857142857 0.4947089947089947 0.025297619047619048 0.021164021164021163