12 0.32837301587301587 0.2552910052910053 0.030257936507936508 0.021164021164021163
12 0.2201140873015873 0.3834325396825397 0.030753968253968252 0.01984126984126984
12 0.3706597222222222 0.3062169312169312 0.03249007936507937 0.021164021164021163
12 0.2201140873015873 0.44460978835978837 0.031994047619047616 0.020833333333333332
12 0.39012896825396826 0.4280753968253968 0.029513888888888888 0.0205026455026455
12 0.41902281746031744 0.39715608465608465 0.028521825396825396 0.020833333333333332
12 0.6470734126984127 0.5744047619047619 0.028025793650793652 0.0205026455026455
12 0.5871775793650794 0.6013558201058201 0.029017857142857144 0.022486772486772486
12 0.46999007936507936 0.4923941798941799 0.028769841269841268 0.021825396825396824
12 0.5979662698412699 0.5567129629629629 0.028025793650793652 0.021164021164021163
12 0.5833333333333334 0.52744708994709 0.030753968253968252 0.023809523809523808
12 0.5001240079365079 0.5196759259259259 0.028273809523809524 0.021825396825396824
12 0.5310019841269841 0.48561507936507936 0.02703373015873016 0.0205026455026455