12 0.5189732142857143 0.46924603174603174 0.027281746031746032 0.022486772486772486
12 0.5079365079365079 0.5115740740740741 0.0248015873015873 0.021164021164021163
12 0.5891617063492064 0.4947089947089947 0.029513888888888888 0.022817460317460316
12 0.466765873015873 0.49503968253968256 0.029265873015873016 0.022156084656084655
12 0.6173115079365079 0.5181878306878307 0.02976190476190476 0.021164021164021163
12 0.6726190476190477 0.5208333333333334 0.026537698412698412 0.017195767195767195
12 0.6307043650793651 0.5628306878306878 0.028769841269841268 0.021825396825396824
12 0.35751488095238093 0.4580026455026455 0.029265873015873016 0.022156084656084655
12 0.3689236111111111 0.42063492063492064 0.029265873015873016 0.021825396825396824
12 0.20845734126984128 0.5226521164021164 0.028769841269841268 0.01917989417989418
12 0.17336309523809523 0.46593915343915343 0.031746031746031744 0.020833333333333332
12 0.2785218253968254 0.3490410052910053 0.028769841269841268 0.021164021164021163
12 0.2105654761904762 0.3136574074074074 0.02976190476190476 0.02017195767195767