12 0.2828621031746032 0.5825471698113207 0.03670634920634921 0.06865828092243187
12 0.49330357142857145 0.5985324947589099 0.023809523809523808 0.07023060796645703
12 0.4419642857142857 0.5982704402515723 0.027777777777777776 0.07075471698113207
12 0.4053819444444444 0.5222746331236897 0.03149801587301587 0.07180293501048218
12 0.3627232142857143 0.4334381551362683 0.032242063492063495 0.06970649895178196
12 0.3404017857142857 0.33778825995807127 0.03249007936507937 0.07180293501048218
12 0.511656746031746 0.34014675052410903 0.031746031746031744 0.07023060796645703
12 0.4897073412698413 0.2130503144654088 0.03298611111111111 0.08071278825995808
12 0.45101686507936506 0.3920335429769392 0.024305555555555556 0.06027253668763103
12 0.4123263888888889 0.3142033542976939 0.0248015873015873 0.04821802935010482
12 0.3933531746031746 0.3448637316561845 0.023561507936507936 0.04979035639412998
12 0.4175347222222222 0.36242138364779874 0.024057539682539684 0.04612159329140461
12 0.4210069444444444 0.4195492662473795 0.020833333333333332 0.04769392033542977
12 0.4025297619047619 0.4289832285115304 0.022321428571428572 0.053983228511530396