12 0.14930555555555555 0.31712962962962965 0.027529761904761904 0.021494708994708994
12 0.3318452380952381 0.5248015873015873 0.030257936507936508 0.020833333333333332
12 0.40128968253968256 0.3673941798941799 0.03373015873015873 0.021825396825396824
12 0.7406994047619048 0.4806547619047619 0.03149801587301587 0.023809523809523808
12 0.857390873015873 0.6365740740740741 0.03125 0.022486772486772486
12 0.482390873015873 0.5530753968253969 0.030753968253968252 0.021494708994708994
12 0.6116071428571429 0.5357142857142857 0.031994047619047616 0.021164021164021163
12 0.5943700396825397 0.4298941798941799 0.022569444444444444 0.020833333333333332
12 0.2664930555555556 0.40674603174603174 0.029017857142857144 0.0205026455026455
12 0.23511904761904762 0.48330026455026454 0.028769841269841268 0.02017195767195767
12 0.5846974206349206 0.4363425925925926 0.020089285714285716 0.017857142857142856