12 0.8019593253968254 0.3759920634920635 0.04265873015873016 0.03207671957671958
12 0.8236607142857143 0.5380291005291006 0.031994047619047616 0.03141534391534392
12 0.7404513888888888 0.5168650793650794 0.03695436507936508 0.028769841269841268
12 0.6215277777777778 0.46395502645502645 0.03373015873015873 0.028439153439153438
12 0.6194196428571429 0.421957671957672 0.03050595238095238 0.027116402116402115
12 0.7456597222222222 0.3275462962962963 0.03720238095238095 0.02943121693121693
12 0.4986359126984127 0.4113756613756614 0.034722222222222224 0.03042328042328042
12 0.45634920634920634 0.40029761904761907 0.037698412698412696 0.026785714285714284
12 0.45498511904761907 0.4436177248677249 0.034970238095238096 0.025793650793650792
12 0.376984126984127 0.43799603174603174 0.03695436507936508 0.028769841269841268
12 0.34226190476190477 0.41947751322751325 0.03373015873015873 0.026455026455026454
12 0.2863343253968254 0.4255952380952381 0.03695436507936508 0.030753968253968252
12 0.3111359126984127 0.3761574074074074 0.03819444444444445 0.03141534391534392