12 0.7287946428571429 0.5008267195767195 0.03273809523809524 0.021825396825396824
12 0.7844742063492064 0.6759259259259259 0.028769841269841268 0.022486772486772486
12 0.4554811507936508 0.5163690476190477 0.028769841269841268 0.021825396825396824
12 0.5864335317460317 0.5277777777777778 0.03273809523809524 0.02414021164021164
12 0.5944940476190477 0.4260912698412698 0.017361111111111112 0.01984126984126984
12 0.3195684523809524 0.45882936507936506 0.033482142857142856 0.022156084656084655
12 0.4444444444444444 0.322255291005291 0.03273809523809524 0.01984126984126984
12 0.2456597222222222 0.3993055555555556 0.02976190476190476 0.020833333333333332
12 0.3036954365079365 0.3316798941798942 0.029513888888888888 0.01984126984126984
12 0.22457837301587302 0.2218915343915344 0.029513888888888888 0.01951058201058201
12 0.6056547619047619 0.4234457671957672 0.02132936507936508 0.021494708994708994