12 0.39521329365079366 0.29563492063492064 0.040674603174603176 0.0205026455026455
12 0.3097718253968254 0.3460648148148148 0.03521825396825397 0.02414021164021164
12 0.53125 0.3212632275132275 0.037450396825396824 0.027447089947089946
12 0.35900297619047616 0.42509920634920634 0.034970238095238096 0.02513227513227513
12 0.4646577380952381 0.511739417989418 0.03447420634920635 0.026785714285714284
12 0.5838293650793651 0.5517526455026455 0.036458333333333336 0.0248015873015873
12 0.7331349206349206 0.5618386243386243 0.03447420634920635 0.02513227513227513
12 0.6507936507936508 0.45701058201058203 0.01984126984126984 0.01917989417989418
12 0.6349206349206349 0.4583333333333333 0.019345238095238096 0.020833333333333332
12 0.7101934523809523 0.7432208994708994 0.036458333333333336 0.026785714285714284
12 0.36507936507936506 0.17096560846560846 0.03298611111111111 0.017526455026455025