10 0.4890625 0.4265625 0.3265625 0.240625
3 0.3546875 0.696875 0.034375 0.0265625
6 0.54765625 0.590625 0.0375 0.028125
9 0.45859375 0.5 0.034375 0.0265625
1 0.41640625 0.4078125 0.034375 0.028125
9 0.58203125 0.47265625 0.021875 0.0265625
7 0.43125 0.28828125 0.0390625 0.0265625
7 0.65390625 0.31875 0.04375 0.0296875
5 0.5828125 0.22421875 0.0390625 0.0328125
5 0.47578125 0.2078125 0.034375 0.021875
12 0.6953125 0.121875 0.0390625 0.0234375
8 0.60078125 0.475 0.015625 0.0234375
11 0.49296875 0.4265625 0.8484375 0.64375