12 0.48722718253968256 0.3490410052910053 0.025297619047619048 0.0205026455026455
12 0.5469990079365079 0.37466931216931215 0.025297619047619048 0.0205026455026455
12 0.4905753968253968 0.39087301587301587 0.026785714285714284 0.021825396825396824
12 0.46577380952380953 0.414021164021164 0.030009920634920636 0.021494708994708994
12 0.48449900793650796 0.5033068783068783 0.026785714285714284 0.022817460317460316
12 0.44382440476190477 0.4677579365079365 0.03273809523809524 0.02017195767195767
12 0.4990079365079365 0.4705687830687831 0.028521825396825396 0.022156084656084655
12 0.40166170634920634 0.5853174603174603 0.029265873015873016 0.01984126984126984
12 0.45287698412698413 0.5869708994708994 0.029017857142857144 0.01951058201058201
12 0.5615079365079365 0.6886574074074074 0.028521825396825396 0.021164021164021163
12 0.49169146825396826 0.7247023809523809 0.028273809523809524 0.023148148148148147
12 0.32056051587301587 0.6648478835978836 0.03249007936507937 0.022156084656084655
12 0.28335813492063494 0.7218915343915344 0.029513888888888888 0.022156084656084655