11 0.52578125 0.4609375 0.8609375 0.640625
10 0.51953125 0.4609375 0.325 0.2484375
12 0.90234375 0.27265625 0.0296875 0.0234375
3 0.21796875 0.640625 0.03125 0.0203125
6 0.4546875 0.625 0.0296875 0.021875
9 0.57265625 0.534375 0.025 0.0125
9 0.575 0.54609375 0.028125 0.0125
9 0.43828125 0.51484375 0.03125 0.0265625
1 0.46875 0.41796875 0.03125 0.0234375
7 0.73203125 0.43046875 0.0328125 0.0234375
7 0.5609375 0.3203125 0.0296875 0.0234375
5 0.7390625 0.321875 0.03125 0.0234375
5 0.65390625 0.26953125 0.03125 0.021875