11 0.46875 0.3984375 0.8140625 0.609375
10 0.46640625 0.39609375 0.3125 0.2296875
7 0.6546875 0.3578125 0.0296875 0.0203125
7 0.62734375 0.3265625 0.0296875 0.0203125
2 0.4984375 0.4015625 0.0296875 0.0234375
4 0.7890625 0.36015625 0.03125 0.025
1 0.5140625 0.3578125 0.034375 0.021875
3 0.753125 0.22109375 0.03125 0.021875
4 0.675 0.19921875 0.0296875 0.025
0 0.87421875 0.35078125 0.03125 0.0234375
2 0.46953125 0.3671875 0.0296875 0.021875
1 0.42421875 0.4203125 0.0296875 0.021875
9 0.38515625 0.41953125 0.03125 0.021875
8 0.33359375 0.39375 0.0296875 0.021875
8 0.33984375 0.4453125 0.028125 0.01875