11 0.44921875 0.4875 0.4 0.8640625
8 0.39453125 0.3375 0.021875 0.0421875
9 0.46640625 0.37109375 0.0203125 0.04375
8 0.52578125 0.53671875 0.025 0.04375
8 0.4953125 0.58125 0.021875 0.04375
9 0.41484375 0.5984375 0.0203125 0.0421875
1 0.41015625 0.53359375 0.021875 0.0390625
1 0.47265625 0.43359375 0.015625 0.03125
9 0.48671875 0.4546875 0.0140625 0.0375
1 0.4734375 0.46171875 0.0125 0.034375
1 0.44375 0.409375 0.021875 0.0421875
2 0.425 0.47578125 0.021875 0.040625
2 0.4515625 0.45546875 0.015625 0.0390625
2 0.45625 0.4765625 0.015625 0.034375
2 0.4703125 0.509375 0.01875 0.0390625
10 0.4453125 0.484375 0.15 0.33125