12 0.4429563492063492 0.6425576519916143 0.03249007936507937 0.012578616352201259
12 0.5049603174603174 0.6485849056603774 0.034970238095238096 0.012054507337526206
12 0.6135912698412699 0.6829140461215933 0.0339781746031746 0.015723270440251572
12 0.5871775793650794 0.7015199161425576 0.028769841269841268 0.01519916142557652
12 0.48660714285714285 0.7578616352201258 0.03794642857142857 0.016247379454926623
12 0.41257440476190477 0.7083333333333334 0.036458333333333336 0.013626834381551363
12 0.4646577380952381 0.710691823899371 0.0339781746031746 0.016247379454926623
12 0.5296378968253969 0.7057127882599581 0.03447420634920635 0.014150943396226415
12 0.48759920634920634 0.6962788259958071 0.022817460317460316 0.011530398322851153
12 0.4915674603174603 0.6873689727463312 0.020833333333333332 0.008385744234800839
12 0.49404761904761907 0.6745283018867925 0.027777777777777776 0.014150943396226415
12 0.44717261904761907 0.6899895178197065 0.026785714285714284 0.009958071278825996
12 0.44742063492063494 0.679769392033543 0.036458333333333336 0.011530398322851153