11 0.51796875 0.5046875 0.8453125 0.6375
10 0.51875 0.50625 0.3140625 0.240625
12 0.14921875 0.3171875 0.028125 0.021875
7 0.33203125 0.525 0.03125 0.0203125
7 0.4015625 0.3671875 0.034375 0.021875
6 0.740625 0.48046875 0.03125 0.0234375
3 0.8578125 0.63671875 0.03125 0.0234375
1 0.48203125 0.553125 0.03125 0.0203125
9 0.61171875 0.5359375 0.0328125 0.0203125
9 0.59453125 0.4296875 0.0234375 0.021875
5 0.26640625 0.40703125 0.0296875 0.0203125
5 0.23515625 0.48359375 0.0296875 0.0203125
9 0.584375 0.4359375 0.0203125 0.01875