11 0.55703125 0.49140625 0.84375 0.6390625
10 0.5484375 0.490625 0.3296875 0.2453125
12 0.59140625 0.15546875 0.0328125 0.01875
5 0.54140625 0.27578125 0.0328125 0.0203125
5 0.43671875 0.29296875 0.0296875 0.0203125
7 0.653125 0.34765625 0.03125 0.025
7 0.43359375 0.378125 0.0296875 0.021875
1 0.475 0.4921875 0.025 0.0234375
9 0.65859375 0.50546875 0.0171875 0.01875
8 0.67578125 0.5078125 0.015625 0.0203125
9 0.5578125 0.56953125 0.025 0.0234375
6 0.6828125 0.628125 0.034375 0.0234375
3 0.553125 0.7796875 0.03125 0.021875