12 0.5787450396825397 0.39308176100628933 0.021825396825396824 0.04874213836477988
12 0.47966269841269843 0.6682389937106918 0.02058531746031746 0.05241090146750524
12 0.46056547619047616 0.5980083857442348 0.018601190476190476 0.044549266247379454
12 0.45461309523809523 0.4276729559748428 0.017609126984126984 0.04612159329140461
12 0.4851190476190476 0.4143081761006289 0.018105158730158732 0.037211740041928724
12 0.511656746031746 0.45440251572327045 0.018105158730158732 0.03825995807127883
12 0.5445188492063492 0.4997379454926625 0.015128968253968254 0.041928721174004195
12 0.5611359126984127 0.5495283018867925 0.02058531746031746 0.044549266247379454
12 0.5203373015873016 0.5081236897274634 0.015625 0.028825995807127882
12 0.5106646825396826 0.5220125786163522 0.011656746031746032 0.025681341719077568
12 0.4945436507936508 0.5495283018867925 0.016121031746031748 0.037211740041928724
12 0.5313740079365079 0.5571278825995807 0.012152777777777778 0.030922431865828093
12 0.5204613095238095 0.584643605870021 0.018353174603174604 0.028825995807127882
12 0.513640873015873 0.5521488469601677 0.017361111111111112 0.030922431865828093