0 0.021597222222222223 0.6027579365079365 0.0431969246031746 0.03773478835978836
0 0.4446205357142857 0.5987863756613757 0.0431969246031746 0.03376322751322751
0 0.5459077380952381 0.5451653439153439 0.05511160714285714 0.041706349206349205
0 0.5049479166666667 0.2313723544973545 0.03574900793650793 0.049649470899470895
0 0.6926264880952381 0.265135582010582 0.02681051587301587 0.04567791005291005
0 0.7306101190476191 0.2373313492063492 0.0640500992063492 0.10923280423280424
0 0.5645287698412698 0.15391534391534392 0.05064484126984127 0.057595899470899464
0 0.5876140873015874 0.9696957671957672 0.040218253968253966 0.06060846560846561
0 0.9235019841269841 0.8371097883597883 0.02383184523809524 0.03376322751322751
0 0.9458457341269841 0.6464517195767195 0.02383184523809524 0.03773478835978836
0 0.8870089285714285 0.42699404761904763 0.02830109126984127 0.051636904761904766
0 0.9294593253968254 0.43196097883597884 0.02383184523809524 0.03376322751322751
0 0.7253968253968255 0.5004794973544974 0.02681051587301587 0.04766534391534391
0 0.6457068452380952 0.31677248677248676 0.03425843253968254 0.049649470899470895
0 0.7507167658730158 0.395218253968254 0.03574900793650793 0.04369378306878307
0 0.7536954365079366 0.4418915343915344 0.03872767857142857 0.041706349206349205