0 0.16706349206349208 0.09738756613756613 0.026418650793650793 0.03729828042328043
0 0.03729662698412698 0.3791931216931217 0.02486607142857143 0.03315476190476191
0 0.054392361111111114 0.5615376984126984 0.03418898809523809 0.03729828042328043
0 0.25175843253968255 0.5449603174603175 0.031081349206349206 0.03729828042328043
0 0.36598214285714287 0.8454133597883599 0.03574404761904762 0.04144179894179894
0 0.3846329365079365 0.9859060846560846 0.026418650793650793 0.028187830687830685
0 0.7381820436507937 0.7894675925925926 0.03729662698412698 0.04144179894179894
0 0.7583854166666667 0.5718981481481482 0.027973710317460317 0.04558531746031746
0 0.42426091269841265 0.671359126984127 0.03729662698412698 0.029007936507936507
0 0.3178075396825397 0.4973015873015873 0.0419593253968254 0.06216269841269841
0 0.4584499007936508 0.4444642857142857 0.01864831349206349 0.03522486772486772
0 0.6348363095238095 0.3481117724867725 0.03263640873015873 0.03729828042328043
0 0.6907837301587301 0.34085978835978836 0.03885168650793651 0.03936838624338624
0 0.8166641865079365 0.22896494708994708 0.03263640873015873 0.0559457671957672
0 0.47829117063492066 0.38242063492063494 0.024732142857142855 0.03297619047619048
0 0.47589781746031745 0.3473181216931217 0.029518849206349205 0.030849867724867728
0 0.38534474206349206 0.30263888888888885 0.03669890873015873 0.03510251322751323
0 0.42324156746031744 0.25689814814814815 0.023137400793650797 0.03510251322751323
0 0.4583457341269841 0.2244510582010582 0.05983630952380952 0.08722883597883598
0 0.32231894841269837 0.21700727513227513 0.028720238095238094 0.03616732804232804
0 0.28841021825396823 0.28721560846560845 0.031116071428571427 0.040423280423280424