0 0.7328869047619048 0.07605820105820106 0.03720238095238095 0.06613756613756613
0 0.7899305555555556 0.3637566137566138 0.042162698412698416 0.07936507936507936
0 0.5543154761904762 0.808531746031746 0.04712301587301587 0.0958994708994709
0 0.31994047619047616 0.8217592592592593 0.05952380952380952 0.056216931216931214
0 0.2728174603174603 0.7605820105820106 0.0496031746031746 0.06613756613756613
0 0.03844246031746032 0.5869708994708994 0.07688492063492064 0.06944444444444445
0 0.482390873015873 0.4497354497354497 0.07688492063492064 0.08597883597883597
0 0.49107142857142855 0.2876984126984127 0.044642857142857144 0.07936507936507936
0 0.27033730158730157 0.16534391534391535 0.0744047619047619 0.09259259259259259
0 0.1463293650793651 0.18353174603174602 0.05952380952380952 0.0958994708994709
0 0.24057539682539683 0.35383597883597884 0.09424603174603174 0.1455026455026455
0 0.21081349206349206 0.5439814814814815 0.08928571428571429 0.10251322751322751
0 0.1847718253968254 0.4348544973544973 0.07192460317460317 0.08267195767195767
0 0.35466269841269843 0.32076719576719576 0.11408730158730158 0.13227513227513227