0 0.11892857142857143 0.43417989417989417 0.041530257936507935 0.05789021164021164
0 0.16989583333333333 0.7563525132275133 0.041530257936507935 0.06292328042328042
0 0.5936929563492064 0.797883597883598 0.05474454365079365 0.06040674603174603
0 0.6673139880952381 0.3863558201058201 0.050969742063492064 0.07802579365079365
0 0.7428249007936508 0.28064484126984124 0.05851934523809524 0.07802579365079365
0 0.8532564484126984 0.45934854497354494 0.05663194444444444 0.07802579365079365
0 0.919327876984127 0.398941798941799 0.041530257936507935 0.07299272486772486
0 0.9624950396825397 0.34608465608465605 0.07500992063492064 0.16863756613756614
0 0.9898685515873016 0.5587698412698413 0.020265376984126983 0.05537367724867724
0 0.9693526785714285 0.6909126984126984 0.04719246031746032 0.07299272486772486
0 0.7211160714285714 0.745026455026455 0.060406746031746034 0.07550925925925926