0 0.01586309523809524 0.33472222222222225 0.03172619047619048 0.03310515873015873
0 0.05655257936507937 0.5820866402116402 0.030344742063492063 0.049656084656084655
0 0.37380456349206354 0.5903637566137566 0.024828869047619048 0.051494708994708996
0 0.5089806547619048 0.9030158730158729 0.035863095238095236 0.05517526455026455
0 0.5772594246031747 0.7365740740740742 0.0262078373015873 0.027585978835978835
0 0.8745089285714286 0.8404861111111112 0.024828869047619048 0.03310515873015873
0 0.9020957341269841 0.6574900793650794 0.01931051587301587 0.03494378306878307
0 0.8165749007936508 0.43403439153439155 0.024828869047619048 0.040459656084656084
0 0.8710590277777778 0.4423115079365079 0.023449900793650794 0.03494378306878307
0 0.985530753968254 0.3577116402116402 0.026178075396825397 0.03862103174603175
0 0.42553075396825396 0.28782407407407407 0.04 0.05333333333333334
0 0.5538095238095239 0.3356415343915344 0.03724206349206349 0.049656084656084655
0 0.4807043650793651 0.21333994708994708 0.04551835317460318 0.06252976190476191
0 0.6034672619047619 0.29977843915343916 0.03172619047619048 0.047817460317460314
0 0.6593303571428571 0.41104497354497355 0.03862103174603174 0.03862103174603175
0 0.6372594246031745 0.5076025132275133 0.030344742063492063 0.040459656084656084
0 0.6579513888888889 0.4551851851851852 0.04138144841269841 0.049656084656084655
0 0.4669097222222222 0.5535780423280423 0.034484126984126985 0.05517526455026455