0 0.22929563492063493 0.8235317460317461 0.05921626984126984 0.07895502645502646
0 0.39041914682539686 0.7647751322751323 0.06197172619047619 0.07528439153439154
0 0.3043477182539683 0.3066435185185185 0.055086805555555556 0.07711970899470899
0 0.4041914682539683 0.1661739417989418 0.07023313492063492 0.0973181216931217
0 0.532953869047619 0.39570105820105816 0.06334821428571429 0.07161044973544974
0 0.6210912698412698 0.31398809523809523 0.04957837301587302 0.06243055555555555
0 0.6954588293650794 0.24880291005291005 0.1156795634920635 0.19647156084656084
0 0.7278199404761905 0.5159689153439153 0.05921626984126984 0.08079365079365079
0 0.7291989087301588 0.5921726190476191 0.06197172619047619 0.07895502645502646
0 0.6858184523809523 0.682146164021164 0.06885664682539683 0.08629960317460318
0 0.9923288690476191 0.5637103174603175 0.015342261904761905 0.06243055555555555