0 0.3656324404761905 0.16892857142857143 0.045446428571428575 0.051412037037037034
0 0.1748983134920635 0.4342592592592593 0.03580605158730159 0.053250661375661375
0 0.47511408730158733 0.4397685185185185 0.038559027777777775 0.056921296296296296
0 0.5453497023809524 0.4397685185185185 0.03580605158730159 0.04590608465608465
0 0.723687996031746 0.47557539682539685 0.03167410714285714 0.051412037037037034
0 0.6885714285714286 0.5334126984126984 0.02478918650793651 0.04223214285714286
0 0.37595982142857143 0.5591203703703703 0.03305059523809523 0.04590608465608465
0 0.2960863095238095 0.6894907407407407 0.03580605158730159 0.04957671957671957
0 0.2189657738095238 0.8731084656084657 0.038559027777777775 0.053250661375661375
0 0.3305133928571429 0.8813723544973545 0.04406746031746032 0.05875661375661376
0 0.572202380952381 0.6766369047619047 0.03718253968253968 0.04957671957671957
0 0.7333283730158731 0.6849007936507936 0.02892113095238095 0.05508597883597884
0 0.6396825396825396 0.7904794973544973 0.03167410714285714 0.04223214285714286
0 0.6920138888888888 0.7923181216931217 0.03442956349206349 0.04590608465608465
0 0.8861929563492064 0.7528373015873016 0.023410218253968253 0.036722883597883595
0 0.7794642857142857 0.836385582010582 0.027542162698412698 0.04957671957671957
0 0.7801512896825398 0.9199338624338624 0.04269097222222222 0.06610449735449736
0 0.9185540674603175 0.8822916666666667 0.027542162698412698 0.04590608465608465
0 0.5543005952380953 0.8721924603174603 0.045446428571428575 0.051412037037037034
0 0.5543005952380953 0.9575727513227512 0.06197172619047619 0.06426587301587301
0 0.6506994047619047 0.9511474867724867 0.03718253968253968 0.03305224867724868
0 0.6472569444444444 0.9089153439153439 0.03580605158730159 0.036722883597883595
0 0.6665376984126984 0.8630092592592592 0.046822916666666665 0.040396825396825396
0 0.7188690476190476 0.8547486772486773 0.04406746031746032 0.0605952380952381