0 0.10383680555555556 0.23011243386243388 0.05299355158730158 0.05156084656084656
0 0.3415873015873016 0.38383597883597886 0.041535218253968255 0.0840244708994709
0 0.4568824404761905 0.2568452380952381 0.04010168650793651 0.04774140211640212
0 0.5327901785714286 0.2730787037037037 0.028645833333333332 0.049649470899470895
0 0.7175471230158731 0.3217757936507936 0.03723710317460317 0.04392195767195767
0 0.679593253968254 0.3800198412698413 0.03867063492063492 0.053468915343915346
0 0.555704365079365 0.5241964285714286 0.04010168650793651 0.059199735449735454
0 0.547110615079365 0.7199338624338624 0.04869543650793651 0.06110780423280423
0 0.7275719246031747 0.5366071428571428 0.03150793650793651 0.04583002645502646
0 0.6208705357142857 0.6502314814814815 0.027212301587301587 0.05156084656084656
0 0.6803100198412699 0.6616898148148148 0.03723710317460317 0.04774140211640212
0 0.8829687500000001 0.6263624338624338 0.024347718253968254 0.04583002645502646
0 0.9044543650793652 0.7600363756613756 0.024347718253968254 0.04201058201058201
0 0.5234796626984127 0.8516997354497354 0.041535218253968255 0.053468915343915346
0 0.5678794642857143 0.8526554232804232 0.04726438492063492 0.059199735449735454
0 0.5456795634920635 0.7648115079365079 0.054424603174603174 0.036283068783068785
0 0.6337624007936508 0.7762698412698413 0.03580605158730159 0.05156084656084656
0 0.653812003968254 0.8421527777777778 0.05299355158730158 0.049649470899470895
0 0.6659871031746032 0.7390310846560846 0.04010168650793651 0.06492724867724868
0 0.7204117063492063 0.7189781746031746 0.0658829365079365 0.06683862433862434
0 0.7777008928571428 0.7103869047619048 0.03150793650793651 0.049649470899470895
0 0.7712549603174603 0.7905919312169312 0.05012896825396825 0.04583002645502646
0 0.7941716269841269 0.9720072751322751 0.012889384920634921 0.053468915343915346
0 0.6573933531746032 0.9500462962962963 0.017187499999999998 0.024824735449735447
0 0.6803100198412699 0.9831382275132275 0.04869543650793651 0.033723544973544975
0 0.27642113095238097 0.7734027777777778 0.054424603174603174 0.06874669312169311
0 0.14179067460317463 0.7724503968253967 0.04869543650793651 0.06683862433862434
0 0.2363169642857143 0.5337433862433862 0.05156001984126984 0.07065806878306878