0 0.3045610119047619 0.24188161375661377 0.039724702380952374 0.052966269841269835
0 0.3800396825396825 0.24099867724867724 0.031780753968253965 0.05120039682539683
0 0.5607886904761904 0.2763128306878307 0.038400297619047626 0.05120039682539683
0 0.5290079365079365 0.3363425925925926 0.03575396825396825 0.05120039682539683
0 0.2098809523809524 0.3734193121693122 0.04104910714285714 0.05120039682539683
0 0.12579613095238096 0.5040707671957672 0.0423735119047619 0.05120039682539683
0 0.06157490079365079 0.7079927248677248 0.048995535714285714 0.07062169312169313
0 0.1800892857142857 0.6956349206349206 0.045022321428571425 0.056498015873015874
0 0.23305555555555554 0.8836673280423281 0.039724702380952374 0.058263888888888886
0 0.4098338293650794 0.988181216931217 0.03575396825396825 0.023640873015873014
0 0.5104712301587301 0.8395271164021164 0.025158730158730158 0.030013227513227516
0 0.5415873015873015 0.8713095238095239 0.03707589285714286 0.037076719576719576
0 0.6488467261904762 0.8677777777777778 0.03707589285714286 0.061795634920634925
0 0.6879092261904762 0.9828835978835978 0.03575396825396825 0.03423280423280423
0 0.749484126984127 0.6620899470899471 0.023834325396825395 0.035310846560846564
0 0.7263120039682539 0.5411474867724868 0.03310515873015873 0.04060846560846561
0 0.6223635912698412 0.6188326719576719 0.039724702380952374 0.04414021164021164
0 0.6170659722222223 0.7035780423280423 0.02648313492063492 0.04767195767195767
0 0.5680729166666666 0.47670304232804234 0.029131944444444443 0.04590608465608465
0 0.4138045634920635 0.4802347883597884 0.03575396825396825 0.056498015873015874
0 0.4806770833333333 0.5905820105820107 0.029131944444444443 0.04060846560846561
0 0.5303323412698413 0.5861706349206349 0.027807539682539684 0.04590608465608465
0 0.5157663690476191 0.6567923280423281 0.03310515873015873 0.04943452380952381
0 0.5647619047619047 0.647962962962963 0.04104910714285714 0.06356150793650794
0 0.4919320436507937 0.6991666666666667 0.04104910714285714 0.03884259259259259
0 0.5064980158730159 0.744186507936508 0.05164186507936508 0.04767195767195767
0 0.40122519841269844 0.6709160052910053 0.04767113095238095 0.07062169312169313
0 0.4230753968253968 0.758313492063492 0.03575396825396825 0.058263888888888886
0 0.3879836309523809 0.7512500000000001 0.03707589285714286 0.04767195767195767