0 0.027730654761904762 0.697258597883598 0.03508928571428571 0.042258597883597884
0 0.32825396825396824 0.22713624338624339 0.045275297619047625 0.05583994708994709
0 0.48842013888888886 0.9191137566137566 0.03961805555555556 0.051312830687830685
0 0.5365252976190477 0.582556216931217 0.045275297619047625 0.06640542328042329
0 0.5840674603174604 0.48898478835978837 0.038484623015873014 0.05735119047619048
0 0.583499503968254 0.8542162698412699 0.04187996031746032 0.05735119047619048
0 0.7329141865079365 0.7651719576719577 0.037353670634920635 0.04829365079365079
0 0.752155257936508 0.6640542328042328 0.03508928571428571 0.042258597883597884
0 0.7487599206349206 0.7078207671957671 0.03508928571428571 0.0362202380952381
0 0.9293005952380953 0.8564814814814815 0.018110119047619045 0.0316931216931217
0 0.8698735119047619 0.6700925925925926 0.02829861111111111 0.042258597883597884
0 0.911187996031746 0.6670734126984127 0.02263888888888889 0.03320436507936508
0 0.9858953373015873 0.5802943121693122 0.02263888888888889 0.04376653439153439
0 0.7034821428571428 0.5644477513227514 0.02603422619047619 0.0362202380952381
0 0.6599057539682539 0.6059490740740741 0.02942956349206349 0.03773148148148148
0 0.7289508928571429 0.5274702380952381 0.06338789682539683 0.09206349206349206