0 0.7923635912698412 0.679537037037037 0.02943204365079365 0.0165244708994709
0 0.8225719246031746 0.4998412698412698 0.046473214285714284 0.053703703703703705
0 0.8791145833333334 0.1807275132275132 0.04492311507936508 0.051636904761904766
0 0.7551860119047619 0.28606812169312174 0.03562996031746032 0.047506613756613754
0 0.700967261904762 0.2922619047619047 0.03253224206349206 0.04337632275132275
0 0.4926140873015873 0.5948544973544974 0.02478670634920635 0.037179232804232805
0 0.4329737103174603 0.7600925925925925 0.03253224206349206 0.04130952380952381
0 0.4445907738095238 0.906739417989418 0.030982142857142857 0.04130952380952381
0 0.32995783730158734 0.48022156084656087 0.03407986111111111 0.047506613756613754
0 0.46163194444444444 0.2519874338624339 0.02478670634920635 0.037179232804232805
0 0.5353323412698413 0.385734126984127 0.04025049603174603 0.04427579365079365
0 0.5464012896825398 0.2945006613756614 0.03421378968253968 0.03354166666666667
0 0.5539484126984127 0.33340939153439153 0.039243551587301584 0.03354166666666667
0 0.5026289682539682 0.21399801587301587 0.023144841269841267 0.03622685185185185
0 0.5353323412698413 0.1797850529100529 0.0503125 0.0912334656084656
0 0.41206597222222224 0.1898478835978836 0.03320684523809524 0.05769179894179895
0 0.3682936507936508 0.2502248677248677 0.03622519841269841 0.04427579365079365
0 0.3974751984126984 0.4387334656084656 0.03622519841269841 0.04561838624338624
0 0.137859623015873 0.4997784391534391 0.026163194444444444 0.03354166666666667
0 0.12880208333333334 0.3401190476190476 0.022137896825396828 0.02549272486772487
0 0.2641443452380952 0.08184193121693122 0.02515625 0.026835317460317462