0 0.08504464285714285 0.14606481481481481 0.031711309523809524 0.03843915343915344
0 0.2998189484126984 0.3286474867724868 0.040359623015873015 0.0499702380952381
0 0.2515302579365079 0.4160945767195767 0.04756696428571428 0.040360449735449735
0 0.38125992063492065 0.4535714285714285 0.03891865079365079 0.057658730158730166
0 0.41945684523809523 0.4036011904761905 0.040359623015873015 0.04612433862433862
0 0.4605381944444445 0.3728505291005291 0.06486359126984126 0.11147156084656083
0 0.4843204365079365 0.5179563492063491 0.03459325396825397 0.040360449735449735
0 0.4929712301587302 0.5602380952380953 0.040359623015873015 0.040360449735449735
0 0.46918650793650796 0.6169345238095237 0.03891865079365079 0.05381283068783069
0 0.6601760912698412 0.5294874338624339 0.03459325396825397 0.040360449735449735
0 0.727924107142857 0.5362136243386243 0.03459325396825397 0.03459325396825397
0 0.8670213293650794 0.42570436507936504 0.03315228174603174 0.0480489417989418
0 0.7855803571428571 0.7706845238095239 0.02882936507936508 0.04612433862433862
0 0.7617981150793651 0.9792129629629629 0.0302703373015873 0.03267195767195767
0 0.43026785714285715 0.8485251322751323 0.03315228174603174 0.03267195767195767
0 0.22846726190476188 0.7034193121693121 0.0302703373015873 0.03459325396825397
0 0.3063045634920635 0.666901455026455 0.041800595238095234 0.04612433862433862