1 0.19140625 0.1203125 0.0421875 0.034375
0 0.065625 0.1578125 0.0390625 0.040625
6 0.6484375 0.12109375 0.0453125 0.034375
6 0.9125 0.36328125 0.0390625 0.046875
1 0.9390625 0.46171875 0.04375 0.046875
6 0.90859375 0.51484375 0.03125 0.0359375
7 0.80234375 0.72109375 0.0359375 0.034375
7 0.77890625 0.77421875 0.0390625 0.040625
2 0.584375 0.52421875 0.0359375 0.0359375
9 0.225 0.62890625 0.053125 0.05
7 0.11640625 0.584375 0.04375 0.034375
3 0.48984375 0.503125 0.965625 0.9421875
4 0.490625 0.5046875 0.36875 0.359375