3 0.56015625 0.428125 0.8203125 0.621875
4 0.57578125 0.42734375 0.3234375 0.2390625
6 0.1984375 0.37578125 0.04375 0.03125
1 0.1765625 0.53828125 0.0328125 0.03125
7 0.259375 0.5171875 0.0375 0.028125
10 0.378125 0.4640625 0.034375 0.0296875
10 0.38046875 0.421875 0.03125 0.028125
7 0.25390625 0.32734375 0.0375 0.0296875
2 0.5015625 0.41171875 0.034375 0.03125
5 0.54375 0.4 0.0375 0.0265625
5 0.5453125 0.44375 0.0359375 0.0265625
2 0.62265625 0.43828125 0.0359375 0.0296875
12 0.6578125 0.41953125 0.034375 0.0265625
11 0.7140625 0.42578125 0.0359375 0.03125
11 0.6890625 0.3765625 0.0390625 0.03125