3 0.45625 0.55 0.803125 0.6015625
4 0.4625 0.553125 0.3109375 0.23125
1 0.44140625 0.853125 0.0359375 0.025
6 0.63125 0.79296875 0.028125 0.021875
6 0.67421875 0.740625 0.028125 0.0203125
7 0.4453125 0.7921875 0.0328125 0.021875
10 0.475 0.69609375 0.0296875 0.0203125
10 0.52265625 0.6828125 0.0296875 0.0203125
2 0.5046875 0.5953125 0.028125 0.0234375
5 0.50234375 0.5609375 0.0328125 0.0234375
5 0.44765625 0.575 0.0328125 0.0234375
2 0.43828125 0.51796875 0.03125 0.0234375
12 0.44921875 0.48828125 0.0296875 0.0234375
11 0.4921875 0.45625 0.028125 0.0234375
11 0.42421875 0.4515625 0.0265625 0.0203125