3 0.51171875 0.44765625 0.8484375 0.6390625
4 0.50546875 0.45 0.328125 0.246875
6 0.12265625 0.45234375 0.0296875 0.0203125
9 0.31953125 0.5484375 0.03125 0.0234375
12 0.4 0.45625 0.03125 0.0234375
12 0.48359375 0.534375 0.0296875 0.015625
2 0.5015625 0.39375 0.03125 0.021875
10 0.696875 0.52578125 0.034375 0.0203125
10 0.6546875 0.35859375 0.03125 0.021875
8 0.79375 0.44296875 0.0328125 0.025
8 0.77109375 0.36171875 0.0328125 0.0203125
0 0.9625 0.48203125 0.0234375 0.0234375
11 0.48203125 0.54453125 0.0265625 0.0171875