3 0.53984375 0.5109375 0.8015625 0.6
4 0.53828125 0.509375 0.3078125 0.23125
1 0.328125 0.25546875 0.03125 0.021875
6 0.2203125 0.38359375 0.03125 0.0203125
6 0.3703125 0.30625 0.0328125 0.021875
7 0.2203125 0.44453125 0.0328125 0.021875
10 0.38984375 0.428125 0.0296875 0.0203125
10 0.41875 0.396875 0.028125 0.021875
11 0.646875 0.57421875 0.028125 0.0203125
11 0.5875 0.6015625 0.028125 0.0234375
2 0.4703125 0.4921875 0.0296875 0.021875
12 0.59765625 0.55703125 0.028125 0.0203125
2 0.58359375 0.52734375 0.03125 0.0234375
5 0.5 0.51953125 0.028125 0.021875
5 0.53125 0.48515625 0.028125 0.0203125