3 0.51171875 0.55234375 0.8484375 0.6390625
4 0.50546875 0.55 0.328125 0.246875
6 0.12265625 0.54765625 0.0296875 0.0203125
9 0.31953125 0.4515625 0.03125 0.0234375
12 0.4 0.54375 0.03125 0.0234375
12 0.48359375 0.465625 0.0296875 0.0171875
2 0.5015625 0.60625 0.03125 0.0203125
10 0.696875 0.47421875 0.034375 0.0203125
10 0.6546875 0.64140625 0.03125 0.021875
8 0.79375 0.55703125 0.0328125 0.025
8 0.77109375 0.63828125 0.0328125 0.0203125
0 0.9625 0.51796875 0.0234375 0.0234375
11 0.48203125 0.45546875 0.0265625 0.0171875