8 0.3953125 0.2953125 0.040625 0.0203125
8 0.309375 0.34609375 0.0359375 0.0234375
10 0.53125 0.32109375 0.0375 0.028125
10 0.35859375 0.425 0.0359375 0.025
2 0.46484375 0.51171875 0.034375 0.0265625
12 0.58359375 0.5515625 0.0359375 0.025
9 0.7328125 0.56171875 0.034375 0.025
11 0.65078125 0.45703125 0.0203125 0.0203125
12 0.63515625 0.45859375 0.0203125 0.021875
4 0.52890625 0.4859375 0.3265625 0.2453125
6 0.71015625 0.74296875 0.0359375 0.0265625
0 0.36484375 0.17109375 0.0328125 0.0171875
3 0.5328125 0.4859375 0.85 0.6375