4 0.49921875 0.44921875 0.3234375 0.24375
4 0.50703125 0.45 0.8484375 0.6375
0 0.93984375 0.3546875 0.028125 0.0234375
6 0.14609375 0.55703125 0.040625 0.03125
9 0.37578125 0.59375 0.0375 0.0296875
12 0.4046875 0.484375 0.034375 0.0265625
12 0.525 0.53125 0.0328125 0.0140625
10 0.71640625 0.46796875 0.03125 0.0234375
12 0.46796875 0.3984375 0.04375 0.0234375
10 0.5953125 0.325 0.0359375 0.0296875
8 0.7609375 0.36328125 0.0359375 0.0265625
8 0.7046875 0.29609375 0.0328125 0.0234375
11 0.52421875 0.54453125 0.028125 0.0140625