4 0.49765625 0.41875 0.3125 0.2375
3 0.50390625 0.41796875 0.8125 0.609375
6 0.70703125 0.18984375 0.034375 0.025
7 0.62421875 0.18515625 0.0296875 0.025
1 0.87265625 0.28984375 0.0328125 0.0234375
7 0.79609375 0.3171875 0.03125 0.0234375
10 0.625 0.3171875 0.0296875 0.021875
10 0.6640625 0.34296875 0.028125 0.0203125
2 0.52890625 0.371875 0.03125 0.0234375
5 0.4890625 0.3890625 0.0296875 0.025
5 0.53046875 0.41796875 0.028125 0.0234375
2 0.4671875 0.453125 0.028125 0.0234375
12 0.42734375 0.459375 0.028125 0.021875
11 0.36796875 0.446875 0.0296875 0.021875
11 0.3953125 0.49453125 0.025 0.0203125