3 0.4609375 0.50859375 0.8109375 0.6046875
4 0.46171875 0.5078125 0.3078125 0.234375
5 0.48125 0.53046875 0.028125 0.0234375
5 0.4921875 0.48828125 0.025 0.021875
2 0.4109375 0.50546875 0.0296875 0.0234375
2 0.5328125 0.5046875 0.028125 0.021875
12 0.3828125 0.48203125 0.0296875 0.021875
11 0.32734375 0.47890625 0.0265625 0.0171875
11 0.36953125 0.4375 0.0296875 0.021875
10 0.6421875 0.5421875 0.0296875 0.021875
10 0.63125 0.5796875 0.028125 0.021875
7 0.79140625 0.47734375 0.0296875 0.0203125
6 0.8265625 0.534375 0.0328125 0.0203125
7 0.72109375 0.65078125 0.028125 0.0203125
1 0.7890625 0.6859375 0.0296875 0.0203125