3 0.51328125 0.52109375 0.8390625 0.634375
4 0.50546875 0.525 0.3203125 0.2375
9 0.72890625 0.49921875 0.0328125 0.021875
6 0.784375 0.32421875 0.028125 0.0234375
2 0.45546875 0.48359375 0.0296875 0.021875
12 0.58671875 0.471875 0.0328125 0.025
12 0.59453125 0.57421875 0.0171875 0.0203125
10 0.31953125 0.54140625 0.034375 0.0234375
10 0.44453125 0.67734375 0.0328125 0.0203125
8 0.2453125 0.60078125 0.0296875 0.0203125
8 0.30390625 0.66796875 0.0296875 0.0203125
0 0.225 0.778125 0.0296875 0.0203125
12 0.60546875 0.5765625 0.021875 0.0203125