3 0.50703125 0.47265625 0.8171875 0.6109375
4 0.50078125 0.47109375 0.309375 0.2359375
1 0.1140625 0.56171875 0.03125 0.0234375
6 0.14453125 0.4078125 0.03125 0.021875
7 0.203125 0.3625 0.0328125 0.0234375
7 0.19453125 0.5453125 0.03125 0.0234375
10 0.3109375 0.5 0.03125 0.021875
10 0.3171875 0.4609375 0.028125 0.0234375
5 0.47578125 0.4890625 0.0296875 0.021875
5 0.48125 0.44765625 0.028125 0.021875
2 0.43515625 0.45390625 0.028125 0.0203125
2 0.5515625 0.4828125 0.0328125 0.0234375
12 0.5875 0.46796875 0.03125 0.0203125
11 0.6421875 0.47734375 0.0265625 0.01875
11 0.6203125 0.428125 0.0296875 0.0234375