3 0.54375 0.55 0.803125 0.6015625
4 0.5375 0.553125 0.3109375 0.23125
1 0.55859375 0.853125 0.0359375 0.025
6 0.36875 0.79296875 0.028125 0.021875
6 0.32578125 0.740625 0.0296875 0.0203125
7 0.5546875 0.7921875 0.0328125 0.021875
10 0.525 0.69609375 0.028125 0.0203125
10 0.47734375 0.6828125 0.0296875 0.0203125
2 0.4953125 0.5953125 0.028125 0.0234375
5 0.49765625 0.5609375 0.0328125 0.0234375
5 0.55234375 0.575 0.0328125 0.0234375
2 0.56171875 0.51796875 0.03125 0.0234375
12 0.55078125 0.48828125 0.0296875 0.0234375
11 0.5078125 0.45625 0.028125 0.0234375
11 0.57578125 0.4515625 0.0265625 0.0203125