3 0.43984375 0.428125 0.8203125 0.621875
4 0.42421875 0.42734375 0.321875 0.2390625
6 0.8015625 0.37578125 0.04375 0.03125
1 0.8234375 0.53828125 0.0328125 0.03125
7 0.740625 0.5171875 0.0359375 0.028125
10 0.621875 0.4640625 0.034375 0.0296875
10 0.61953125 0.421875 0.03125 0.028125
7 0.74609375 0.32734375 0.0375 0.0296875
2 0.4984375 0.41171875 0.034375 0.03125
5 0.45625 0.4 0.0375 0.0265625
5 0.4546875 0.44375 0.0359375 0.0265625
2 0.37734375 0.43828125 0.0375 0.0296875
12 0.3421875 0.41953125 0.0328125 0.0265625
11 0.2859375 0.42578125 0.0375 0.03125
11 0.3109375 0.3765625 0.0390625 0.03125