3 0.465625 0.45625 0.7953125 0.5984375
4 0.46796875 0.4515625 0.30625 0.228125
11 0.4875 0.34921875 0.025 0.0203125
11 0.546875 0.375 0.025 0.0203125
12 0.490625 0.390625 0.0265625 0.021875
2 0.465625 0.4140625 0.0296875 0.021875
2 0.484375 0.503125 0.0265625 0.0234375
5 0.44375 0.46796875 0.0328125 0.0203125
5 0.49921875 0.4703125 0.028125 0.021875
10 0.4015625 0.58515625 0.0296875 0.0203125
10 0.453125 0.58671875 0.0296875 0.0203125
7 0.56171875 0.6890625 0.028125 0.0203125
6 0.49140625 0.725 0.028125 0.0234375
7 0.3203125 0.66484375 0.0328125 0.021875
1 0.28359375 0.721875 0.0296875 0.021875