3 0.46015625 0.5109375 0.8015625 0.6
4 0.46171875 0.509375 0.309375 0.23125
1 0.671875 0.25546875 0.03125 0.021875
6 0.7796875 0.38359375 0.03125 0.0203125
6 0.6296875 0.30625 0.0328125 0.021875
7 0.7796875 0.44453125 0.0328125 0.021875
10 0.61015625 0.428125 0.0296875 0.0203125
10 0.58125 0.396875 0.028125 0.021875
11 0.353125 0.57421875 0.028125 0.0203125
11 0.4125 0.6015625 0.0296875 0.0234375
2 0.5296875 0.4921875 0.028125 0.021875
12 0.40234375 0.55703125 0.028125 0.0203125
2 0.41640625 0.52734375 0.03125 0.0234375
5 0.5 0.51953125 0.028125 0.021875
5 0.46875 0.48515625 0.028125 0.0203125