3 0.7046875 0.48359375 0.428125 0.5625
3 0.296875 0.46484375 0.30625 0.4734375
0 0.52734375 0.3109375 0.015625 0.021875
6 0.51171875 0.43046875 0.015625 0.021875
1 0.52421875 0.37265625 0.0140625 0.015625
1 0.51796875 0.38671875 0.015625 0.0171875
8 0.55078125 0.49765625 0.015625 0.0203125
9 0.321875 0.3421875 0.015625 0.0234375
12 0.23984375 0.44921875 0.015625 0.0203125
12 0.24609375 0.49375 0.0140625 0.021875
10 0.2390625 0.39375 0.0109375 0.0171875
10 0.22890625 0.39765625 0.0109375 0.01875
4 0.68984375 0.48359375 0.165625 0.2171875
4 0.2875 0.465625 0.121875 0.1828125