3 0.4609375 0.49140625 0.8109375 0.6046875
4 0.46171875 0.4921875 0.3078125 0.234375
5 0.48125 0.46953125 0.028125 0.0234375
5 0.4921875 0.51171875 0.025 0.021875
2 0.4109375 0.49453125 0.0296875 0.0234375
2 0.5328125 0.4953125 0.028125 0.021875
12 0.3828125 0.51796875 0.0296875 0.0203125
11 0.32734375 0.52109375 0.0265625 0.0171875
11 0.36953125 0.5625 0.0296875 0.021875
10 0.6421875 0.4578125 0.0296875 0.021875
10 0.63125 0.4203125 0.028125 0.021875
7 0.79140625 0.52265625 0.0296875 0.0203125
6 0.8265625 0.465625 0.0328125 0.021875
7 0.72109375 0.34921875 0.028125 0.021875
1 0.7890625 0.3140625 0.0296875 0.0203125