3 0.465625 0.54375 0.7953125 0.5984375
4 0.46796875 0.5484375 0.30625 0.228125
11 0.4875 0.65078125 0.025 0.0203125
11 0.546875 0.625 0.025 0.0203125
12 0.490625 0.609375 0.0265625 0.021875
2 0.465625 0.5859375 0.0296875 0.021875
2 0.484375 0.496875 0.0265625 0.0234375
5 0.44375 0.53203125 0.0328125 0.0203125
5 0.49921875 0.5296875 0.028125 0.021875
10 0.4015625 0.41484375 0.0296875 0.0203125
10 0.453125 0.41328125 0.0296875 0.0203125
7 0.56171875 0.3109375 0.028125 0.021875
6 0.49140625 0.275 0.028125 0.0234375
7 0.3203125 0.33515625 0.0328125 0.021875
1 0.28359375 0.278125 0.0296875 0.021875