3 0.2953125 0.51640625 0.428125 0.5625
3 0.703125 0.53515625 0.30625 0.4734375
0 0.47265625 0.6890625 0.015625 0.021875
6 0.48828125 0.56953125 0.015625 0.021875
1 0.47578125 0.62734375 0.0140625 0.0171875
1 0.48203125 0.61328125 0.015625 0.0171875
8 0.44921875 0.50234375 0.015625 0.0203125
9 0.678125 0.6578125 0.015625 0.0234375
12 0.76015625 0.55078125 0.015625 0.0203125
12 0.75390625 0.50625 0.0140625 0.0203125
10 0.7609375 0.60625 0.0109375 0.0171875
10 0.77109375 0.60234375 0.0109375 0.01875
4 0.31015625 0.51640625 0.165625 0.2171875
4 0.7125 0.534375 0.121875 0.1828125