3 0.51328125 0.47890625 0.8390625 0.634375
4 0.50546875 0.475 0.3203125 0.2375
9 0.72890625 0.50078125 0.0328125 0.021875
6 0.784375 0.67578125 0.028125 0.0234375
2 0.45546875 0.51640625 0.0296875 0.021875
12 0.58671875 0.528125 0.0328125 0.0234375
12 0.59453125 0.42578125 0.0171875 0.0203125
10 0.31953125 0.45859375 0.034375 0.0234375
10 0.44453125 0.32265625 0.0328125 0.0203125
8 0.2453125 0.39921875 0.0296875 0.0203125
8 0.30390625 0.33203125 0.0296875 0.0203125
0 0.225 0.221875 0.0296875 0.0203125
12 0.60546875 0.4234375 0.021875 0.021875